2560 0.002000000
0.009282000
0.004836000
0.014508000
0.014508000
0.014586000
0.014508000
0.006552000
0.014508000
0.014508000
0.014586000
0.014586000
0.014508000
0.014508000
0.006552000
0.013416000
0.014508000
0.014508000
0.014508000
0.014508000
0.014508000
0.013416000
0.006552000
0.014508000
0.014508000
0.006474000
0.014508000
0.014508000
0.014508000
0.014508000
0.014508000
0.014508000
0.014508000
0.014508000
0.011076000
0.014508000
0.014430000
0.014430000
0.014430000
0.014430000
0.014430000
0.014430000
0.009282000
0.014430000
0.014430000
0.014430000
0.014430000
0.014430000
0.014430000
0.014352000
0.014352000
0.014352000
0.014352000
0.014352000
0.014352000
0.014352000
0.014352000
0.014352000
0.014352000
0.006318000
0.014274000
0.014274000
0.014274000
0.014274000
0.014274000
0.014274000
0.014274000
0.014274000
0.014196000
0.006240000
0.004680000
0.012480000
0.014196000
0.014196000
0.014196000
0.014118000
0.014118000
0.014118000
0.014118000
0.010764000
0.014118000
0.014040000
0.014040000
0.014040000
0.014040000
0.010686000
0.013962000
0.013962000
0.013962000
0.013962000
0.013962000
0.013962000
0.013884000
0.012246000
0.004446000
0.013884000
0.013884000
0.013806000
0.013806000
0.008736000
0.013806000
0.013806000
0.013806000
0.013728000
0.013728000
0.013728000
0.008658000
0.012090000
0.004290000
0.013650000
0.013650000
0.013650000
0.013650000
0.013572000
0.010374000
0.013572000
0.013572000
0.013572000
0.013494000
0.013494000
0.013494000
0.013494000
0.013494000
0.013416000
0.013416000
0.013416000
0.013416000
0.013416000
0.005538000
0.013338000
0.013338000
0.013338000
0.013260000
0.013260000
0.013260000
0.013260000
0.013260000
0.013182000
0.013182000
0.013182000
0.013182000
0.013104000
0.009906000
0.013104000
0.013104000
0.013026000
0.013026000
0.013026000
0.013026000
0.012948000
0.012948000
0.012948000
0.012948000
0.012870000
0.012870000
0.012870000
0.012870000
0.012792000
0.012792000
0.012792000
0.012792000
0.012714000
0.012714000
0.001560000
0.004836000
0.001560000
0.012636000
0.012636000
0.012636000
0.012558000
0.012558000
0.012558000
0.012480000
0.012480000
0.012480000
0.012480000
0.012402000
0.012402000
0.004602000
0.009204000
0.007410000
0.012324000
0.012324000
0.012246000
0.012246000
0.006006000
0.012168000
0.007254000
0.012168000
0.012168000
0.012090000
0.012090000
0.011154000
0.004212000
0.008892000
0.000858000
0.011934000
0.011934000
0.011934000
0.011856000
0.011856000
0.011856000
0.011856000
0.011778000
0.011778000
0.011778000
0.011700000
0.011700000
0.008502000
0.000546000
0.008502000
0.011622000
0.011544000
0.011544000
0.011544000
0.011466000
0.011466000
0.011466000
0.011388000
0.011388000
0.011310000
0.011310000
0.011310000
0.011232000
0.011232000
0.011232000
0.011154000
0.011154000
0.011154000
0.011076000
0.006162000
0.001404000
0.010998000
0.010998000
0.010920000
0.010920000
0.010920000
0.014352000
0.010842000
0.010842000
0.010764000
0.005850000
0.010686000
0.010686000
0.010686000
0.005694000
0.010608000
0.010530000
0.010530000
0.010530000
0.010452000
0.010452000
0.010452000
0.010374000
0.007176000
0.010296000
0.010296000
0.010218000
0.011544000
0.010218000
0.010140000
0.010140000
0.010062000
0.010062000
0.010062000
0.009984000
0.009984000
0.009906000
0.011232000
0.014586000
0.009828000
0.009828000
0.009750000
0.011076000
0.009672000
0.009672000
0.009594000
0.009594000
0.009594000
0.009516000
0.009516000
0.009438000
0.009438000
0.009360000
0.009360000
0.009360000
0.010608000
0.009282000
0.009204000
0.009204000
0.009126000
0.009126000
0.004212000
0.009048000
0.010296000
0.008970000
0.004056000
0.008892000
0.008892000
0.008814000
0.008814000
0.008736000
0.008736000
0.008658000
0.008658000
0.008580000
0.008580000
0.008502000
0.008502000
0.008424000
0.008424000
0.001950000
0.008346000
0.008268000
0.008268000
0.008190000
0.008190000
0.005928000
0.008112000
0.008034000
0.008034000
0.009282000
0.007956000
0.007878000
0.007878000
0.007800000
0.007800000
0.005538000
0.007722000
0.007644000
0.001170000
0.007566000
0.007566000
0.007488000
0.007488000
0.007410000
0.007332000
0.007332000
0.007254000
0.007254000
0.013338000
0.007176000
0.007098000
0.007098000
0.007020000
0.007020000
0.006942000
0.013026000
0.006864000
0.006786000
0.006786000
0.003354000
0.006708000
0.006630000
0.006630000
0.006552000
0.006474000
0.006474000
0.006396000
0.009438000
0.006318000
0.006318000
0.006240000
0.006162000
0.006162000
0.006084000
0.006084000
0.006006000
0.005928000
0.005928000
0.005850000
0.005850000
0.005772000
0.005694000
0.005694000
0.011856000
0.010140000
0.011154000
0.005460000
0.005460000
0.012402000
0.005382000
0.005304000
0.005226000
0.012168000
0.005148000
0.005070000
0.006474000
0.004992000
0.004992000
0.004914000
0.004836000
0.004836000
0.004758000
0.004680000
0.004680000
0.004602000
0.001248000
0.007410000
0.001170000
0.007254000
0.007254000
0.004290000
0.012792000
0.004212000
0.004134000
0.004056000
0.006942000
0.003978000
0.006864000
0.003900000
0.003822000
0.003744000
0.003744000
0.012246000
0.003588000
0.003510000
0.003510000
0.008034000
0.003354000
0.003354000
0.011856000
0.011856000
0.014898000
0.011700000
0.003042000
0.003042000
0.002964000
0.002886000
0.002808000
0.009906000
0.002730000
0.002652000
0.002652000
0.002574000
0.002496000
0.002418000
0.002418000
0.002340000
0.002262000
0.002262000
0.002184000
0.002106000
0.002028000
0.002028000
0.001950000
0.001872000
0.001872000
0.001794000
0.001716000
0.002808000
0.001638000
0.001560000
0.001482000
0.001482000
0.002496000
0.008502000
0.001248000
0.001248000
0.001170000
0.001092000
0.001014000
0.007488000
0.000936000
0.000858000
0.000780000
0.000780000
0.000702000
0.000624000
0.001716000
0.008970000
0.000468000
0.000390000
0.001482000
0.000312000
0.000234000
0.000156000
0.008580000
0.001170000
0.000000000
0.008424000
0.008346000
0.011856000
0.004446000
0.011778000
0.006864000
0.000702000
0.009204000
0.007956000
0.009048000
0.000468000
0.008970000
0.003822000
0.012558000
0.012558000
0.012480000
0.012402000
0.012324000
0.012324000
0.012246000
0.012168000
0.005850000
0.012012000
0.012012000
0.011934000
0.011856000
0.005538000
0.011700000
0.011700000
0.008424000
0.006162000
0.011466000
0.011388000
0.011388000
0.011310000
0.011232000
0.014664000
0.011076000
0.013260000
0.010998000
0.005538000
0.010842000
0.010764000
0.010686000
0.010686000
0.010608000
0.014040000
0.010452000
0.010374000
0.010296000
0.004914000
0.001248000
0.008970000
0.012324000
0.012246000
0.009906000
0.009906000
0.009828000
0.009750000
0.009672000
0.008424000
0.004134000
0.009516000
0.009438000
0.002652000
0.008112000
0.009204000
0.014742000
0.014664000
0.009048000
0.008970000
0.008892000
0.012324000
0.008736000
0.008658000
0.003198000
0.008502000
0.008502000
0.011856000
0.007176000
0.008268000
0.008190000
0.008112000
0.013650000
0.008736000
0.000078000
0.006708000
0.007800000
0.002340000
0.007644000
0.007566000
0.009282000
0.002028000
0.007332000
0.007332000
0.005304000
0.006006000
0.005928000
0.007020000
0.006942000
0.006864000
0.006786000
0.006708000
0.006630000
0.006552000
0.006552000
0.006474000
0.004290000
0.000936000
0.004134000
0.003978000
0.013182000
0.013104000
0.003744000
0.007566000
0.007488000
0.013494000
0.005616000
0.005538000
0.005538000
0.005460000
0.005382000
0.008424000
0.005226000
0.005148000
0.005070000
0.008112000
0.004914000
0.011778000
0.004758000
0.000702000
0.004602000
0.011388000
0.004446000
0.006006000
0.005928000
0.005850000
0.005772000
0.007254000
0.005616000
0.005538000
0.005460000
0.005382000
0.005304000
0.005226000
0.005148000
0.007800000
0.004992000
0.004914000
0.004836000
0.004758000
0.006240000
0.004602000
0.004524000
0.004446000
0.005928000
0.004290000
0.007020000
0.006942000
0.006864000
0.013494000
0.006708000
0.006630000
0.006552000
0.006474000
0.006396000
0.006318000
0.006240000
0.006162000
0.006084000
0.003198000
0.005928000
0.005850000
0.005772000
0.004446000
0.004368000
0.008034000
0.004134000
0.004056000
0.006552000
0.003900000
0.003822000
0.003744000
0.009828000
0.010608000
0.001950000
0.003432000
0.003354000
0.003276000
0.003198000
0.003120000
0.006396000
0.009906000
0.008346000
0.001248000
0.008190000
0.009594000
0.009516000
0.014664000
0.014586000
0.009282000
0.014430000
0.009048000
0.004056000
0.012324000
0.014118000
0.014040000
0.013962000
0.013884000
0.011934000
0.011856000
0.004680000
0.011700000
0.014586000
0.014508000
0.014430000
0.014352000
0.014274000
0.011778000
0.004056000
0.010998000
0.013884000
0.010842000
0.010686000
0.007176000
0.007098000
0.011856000
0.006942000
0.010296000
0.001872000
0.010140000
0.011466000
0.009906000
0.002808000
0.009750000
0.011076000
0.010998000
0.010920000
0.010842000
0.010764000
0.005772000
0.010608000
0.010452000
0.005538000
0.000624000
0.009516000
0.010140000
0.010062000
0.009984000
0.009906000
0.009750000
0.009672000
0.009594000
0.009516000
0.009438000
0.009360000
0.009282000
0.009126000
0.009048000
0.007410000
0.001794000
0.008190000
0.008736000
0.008580000
0.008502000
0.013104000
0.013026000
0.012948000
0.008190000
0.008034000
0.009282000
0.012558000
0.012480000
0.007722000
0.007644000
0.012168000
0.012090000
0.008658000
0.007254000
0.011856000
0.011700000
0.009828000
0.001950000
0.006786000
0.011310000
0.006552000
0.006474000
0.006396000
0.006318000
0.006240000
0.006084000
0.006006000
0.007254000
0.005850000
0.005694000
0.005616000
0.005538000
0.005460000
0.012792000
0.005226000
0.005148000
0.005070000
0.004992000
0.009360000
0.003120000
0.011544000
0.004524000
0.004446000
0.002730000
0.002652000
0.000156000
0.007878000
0.000000000
0.001872000
0.001794000
0.001638000
0.001560000
0.001482000
0.009672000
0.001248000
0.001170000
0.001092000
0.000936000
0.000858000
0.000780000
0.000702000
0.000546000
0.003822000
0.000390000
0.003666000
0.000156000
0.000078000
0.000000000
0.001638000
0.001560000
0.001404000
0.002574000
0.006006000
0.001092000
0.002262000
0.002184000
0.003354000
0.002028000
0.001872000
0.009048000
0.000078000
0.000312000
0.000234000
0.000078000
0.008502000
0.010842000
0.002340000
0.010608000
0.014742000
0.009126000
0.000624000
0.008892000
0.014274000
0.014196000
0.014118000
0.014040000
0.013182000
0.006084000
0.010140000
0.001014000
0.009282000
0.000780000
0.009750000
0.003822000
0.011388000
0.012948000
0.012168000
0.004992000
0.011934000
0.012558000
0.012480000
0.012324000
0.012246000
0.012168000
0.012012000
0.011934000
0.011856000
0.006084000
0.009984000
0.011466000
0.014508000
0.011310000
0.014274000
0.011076000
0.010998000
0.013962000
0.010764000
0.010608000
0.012480000
0.010452000
0.013416000
0.012168000
0.010062000
0.004290000
0.009906000
0.009750000
0.010998000
0.003900000
0.007176000
0.011310000
0.009204000
0.005694000
0.012870000
0.008892000
0.011934000
0.011778000
0.011700000
0.013806000
0.011232000
0.006006000
0.013494000
0.009438000
0.010764000
0.010608000
0.010530000
0.010374000
0.010296000
0.010140000
0.010062000
0.009984000
0.009828000
0.009750000
0.006708000
0.009516000
0.009360000
0.009282000
0.009204000
0.009048000
0.008970000
0.008814000
0.008736000
0.012090000
0.008502000
0.008424000
0.008268000
0.014196000
0.008034000
0.004368000
0.007800000
0.007722000
0.007566000
0.007488000
0.007410000
0.007254000
0.007176000
0.007020000
0.010452000
0.006786000
0.006708000
0.006552000
0.006474000
0.006318000
0.006240000
0.006162000
0.006006000
0.005928000
0.005772000
0.005694000
0.009048000
0.005460000
0.005304000
0.005226000
0.005070000
0.004992000
0.004836000
0.004758000
0.004602000
0.004524000
0.004368000
0.004290000
0.012012000
0.004056000
0.003900000
0.001794000
0.009672000
0.012714000
0.013884000
0.013806000
0.013650000
0.013572000
0.012090000
0.012012000
0.006084000
0.011778000
0.012948000
0.011544000
0.005616000
0.011310000
0.012480000
0.012324000
0.012246000
0.012090000
0.012012000
0.011856000
0.011778000
0.011622000
0.011466000
0.006708000
0.011232000
0.011154000
0.010998000
0.010920000
0.010764000
0.010686000
0.010530000
0.005694000
0.010296000
0.010140000
0.013182000
0.009906000
0.009828000
0.008268000
0.009516000
0.009438000
0.009282000
0.009204000
0.009048000
0.008892000
0.008814000
0.008658000
0.008580000
0.014040000
0.008268000
0.008190000
0.008034000
0.007878000
0.009360000
0.007644000
0.006006000
0.005928000
0.007254000
0.007098000
0.007020000
0.006864000
0.006708000
0.006630000
0.006474000
0.006318000
0.006162000
0.006084000
0.005928000
0.005772000
0.005616000
0.005538000
0.005382000
0.005226000
0.005070000
0.010140000
0.004836000
0.004680000
0.004602000
0.004446000
0.009438000
0.004212000
0.000468000
0.003900000
0.000234000
0.000078000
0.003510000
0.003432000
0.001638000
0.001482000
0.009672000
0.001248000
0.002730000
0.000936000
0.009126000
0.000702000
0.000546000
0.000468000
0.000312000
0.000156000
0.001638000
0.001560000
0.001404000
0.007332000
0.001092000
0.001014000
0.000858000
0.008736000
0.000546000
0.008502000
0.000234000
0.000156000
0.000000000
0.000000000
0.001092000
0.009438000
0.010686000
0.014040000
0.013884000
0.013728000
0.013572000
0.009984000
0.013338000
0.010920000
0.008190000
0.008112000
0.014040000
0.010374000
0.013806000
0.007566000
0.008814000
0.014118000
0.013962000
0.013806000
0.013728000
0.011544000
0.013416000
0.013260000
0.013182000
0.013026000
0.012870000
0.012792000
0.012636000
0.012480000
0.012324000
0.010140000
0.009984000
0.009828000
0.011856000
0.009594000
0.009438000
0.009282000
0.009126000
0.008970000
0.008892000
0.008736000
0.008580000
0.007098000
0.008346000
0.008190000
0.008034000
0.007878000
0.007722000
0.007644000
0.007488000
0.007332000
0.007176000
0.013494000
0.006942000
0.009828000
0.005382000
0.006552000
0.006396000
0.006240000
0.006084000
0.005928000
0.005850000
0.005694000
0.005538000
0.010998000
0.005304000
0.005148000
0.004992000
0.004836000
0.004758000
0.004602000
0.004446000
0.012090000
0.004134000
0.004056000
0.009438000
0.001404000
0.001248000
0.001092000
0.008112000
0.008034000
0.000702000
0.000546000
0.007566000
0.008190000
0.008034000
0.007878000
0.014274000
0.009126000
0.007488000
0.007332000
0.007176000
0.007020000
0.000858000
0.006786000
0.006630000
0.010764000
0.010686000
0.006162000
0.003510000
0.005928000
0.005772000
0.012246000
0.005460000
0.013104000
0.011856000
0.005070000
0.012636000
0.007722000
0.012324000
0.005850000
0.012090000
0.012714000
0.012558000
0.008190000
0.012324000
0.012168000
0.012012000
0.011856000
0.011700000
0.011544000
0.011388000
0.011310000
0.011154000
0.010998000
0.010842000
0.010686000
0.010530000
0.010374000
0.010218000
0.010062000
0.009984000
0.011076000
0.003588000
0.010764000
0.014196000
0.014040000
0.009048000
0.008892000
0.008736000
0.008580000
0.013338000
0.008346000
0.008190000
0.008034000
0.007878000
0.007722000
0.007566000
0.007410000
0.007254000
0.000936000
0.000780000
0.006786000
0.006630000
0.006474000
0.007254000
0.007098000
0.006942000
0.012168000
0.006630000
0.006474000
0.006318000
0.006240000
0.006084000
0.009516000
0.005772000
0.009204000
0.009048000
0.005304000
0.008736000
0.004992000
0.004836000
0.004680000
0.004524000
0.004368000
0.004212000
0.004056000
0.009984000
0.003744000
0.003588000
0.003432000
0.003276000
0.003120000
0.002964000
0.002808000
0.002652000
0.008658000
0.002340000
0.002184000
0.002028000
0.001872000
0.001716000
0.007722000
0.001404000
0.001248000
0.001092000
0.009438000
0.013104000
0.012948000
0.012792000
0.006552000
0.000156000
0.008502000
0.012168000
0.010062000
0.002886000
0.006240000
0.011544000
0.011388000
0.011232000
0.014664000
0.010920000
0.010764000
0.010608000
0.010452000
0.010296000
0.010140000
0.009984000
0.009828000
0.009672000
0.010452000
0.010296000
0.010140000
0.009984000
0.009750000
0.009594000
0.009438000
0.009282000
0.004290000
0.008970000
0.007488000
0.000156000
0.007176000
0.007410000
0.001326000
0.007098000
0.007800000
0.007644000
0.007488000
0.007332000
0.007176000
0.007020000
0.006864000
0.006708000
0.006552000
0.006396000
0.006240000
0.006006000
0.005850000
0.005694000
0.005538000
0.005382000
0.007566000
0.005070000
0.004914000
0.004758000
0.004602000
0.004446000
0.004290000
0.004056000
0.003900000
0.003744000
0.003588000
0.003432000
0.003276000
0.001950000
0.002964000
0.002808000
0.002652000
0.002418000
0.002262000
0.008892000
0.002808000
0.008580000
0.003978000
0.002340000
0.002184000
0.003510000
0.001872000
0.001716000
0.001482000
0.007254000
0.001170000
0.005772000
0.012636000
0.008190000
0.005226000
0.006240000
0.012714000
0.012558000
0.011700000
0.004446000
0.006708000
0.007800000
0.011700000
0.007488000
0.011388000
0.008970000
0.001560000
0.008658000
0.010686000
0.010530000
0.014742000
0.010218000
0.010842000
0.014274000
0.014118000
0.014976000
0.014820000
0.009984000
0.014508000
0.014352000
0.014196000
0.013962000
0.013806000
0.011388000
0.003900000
0.000858000
0.009672000
0.012948000
0.012792000
0.012636000
0.012402000
0.012246000
0.012090000
0.011934000
0.014742000
0.011544000
0.012870000
0.011154000
0.013962000
0.010764000
0.013572000
0.013416000
0.014976000
0.009126000
0.002028000
0.010764000
0.005070000
0.008424000
0.001326000
0.004524000
0.004368000
0.000858000
0.008424000
0.003822000
0.000312000
0.000156000
0.003354000
0.009282000
0.010452000
0.002808000
0.002574000
0.002418000
0.002262000
0.011310000
0.006318000
0.007878000
0.001482000
0.001326000
0.005616000
0.005460000
0.000780000
0.000546000
0.004914000
0.004758000
0.012558000
0.014040000
0.013884000
0.013728000
0.013494000
0.013338000
0.013182000
0.012948000
0.012792000
0.012636000
0.013962000
0.012246000
0.012090000
0.011856000
0.010140000
0.011544000
0.010452000
0.004212000
0.010920000
0.010764000
0.010608000
0.010374000
0.010218000
0.009984000
0.009828000
0.009672000
0.014976000
0.009282000
0.009126000
0.008892000
0.008736000
0.008580000
0.008346000
0.009828000
0.008034000
0.006084000
0.007644000
0.007488000
0.007254000
0.007098000
0.006942000
0.006708000
0.004758000
0.006396000
0.006162000
0.006006000
0.005850000
0.007254000
0.005460000
0.006864000
0.003276000
0.006474000
0.002964000
0.010062000
0.002574000
0.008424000
0.002184000
0.002028000
0.009204000
0.001638000
0.001482000
0.001248000
0.001092000
0.000936000
0.000702000
0.000546000
0.005850000
0.000156000
0.002652000
0.002496000
0.002340000
0.002106000
0.003588000
0.001794000
0.003198000
0.001404000
0.001248000
0.002652000
0.008502000
0.008268000
0.014274000
0.013416000
0.006084000
0.008424000
0.014976000
0.014898000
0.013182000
0.005148000
0.012792000
0.013962000
0.013806000
0.013572000
0.013416000
0.013182000
0.013026000
0.012792000
0.012636000
0.012402000
0.010374000
0.002496000
0.009984000
0.011700000
0.008268000
0.004680000
0.011076000
0.010920000
0.010764000
0.010530000
0.010374000
0.008346000
0.009594000
0.009438000
0.007722000
0.006006000
0.012168000
0.014586000
0.011778000
0.014196000
0.014040000
0.013806000
0.013650000
0.013416000
0.013260000
0.011232000
0.010218000
0.010062000
0.009828000
0.009672000
0.003120000
0.009204000
0.009048000
0.008814000
0.005382000
0.012246000
0.008190000
0.004836000
0.007800000
0.001404000
0.001248000
0.004056000
0.003822000
0.000624000
0.003432000
0.003276000
0.003042000
0.010764000
0.002652000
0.002496000
0.002262000
0.010530000
0.001872000
0.001716000
0.010686000
0.013962000
0.013728000
0.013494000
0.013338000
0.013104000
0.008892000
0.000078000
0.008502000
0.012324000
0.012090000
0.011856000
0.011700000
0.011466000
0.011310000
0.011076000
0.010842000
0.010686000
0.010452000
0.003432000
0.010062000
0.009828000
0.009672000
0.010998000
0.009204000
0.009048000
0.011856000
0.008658000
0.008424000
0.008268000
0.006708000
0.007800000
0.007644000
0.010452000
0.013728000
0.007020000
0.006864000
0.009672000
0.002886000
0.006240000
0.006006000
0.005382000
0.008658000
0.008424000
0.008268000
0.008034000
0.007878000
0.005772000
0.005538000
0.005304000
0.005070000
0.004836000
0.004680000
0.004446000
0.010452000
0.002574000
0.003822000
0.003588000
0.003432000
0.003198000
0.002964000
0.002808000
0.009594000
0.002340000
0.007566000
0.001950000
0.008814000
0.001560000
0.001326000
0.001170000
0.009906000
0.013104000
0.012948000
0.012714000
0.012480000
0.012324000
0.006786000
0.007254000
0.006396000
0.011466000
0.012168000
0.012012000
0.011778000
0.011544000
0.011388000
0.011154000
0.014196000
0.010764000
0.004368000
0.012168000
0.010140000
0.009906000
0.009750000
0.009516000
0.009282000
0.009126000
0.008892000
0.007566000
0.008502000
0.008268000
0.008112000
0.007878000
0.007644000
0.007410000
0.007254000
0.007020000
0.005616000
0.000312000
0.009594000
0.006162000
0.005928000
0.012012000
0.005538000
0.005304000
0.005070000
0.004836000
0.004680000
0.004446000
0.004212000
0.003978000
0.003744000
0.003510000
0.009750000
0.003120000
0.002886000
0.002652000
0.002496000
0.002262000
0.002028000
0.001794000
0.001638000
0.009906000
0.001170000
0.000936000
0.000780000
0.000546000
0.000312000
0.000078000
0.008424000
0.014040000
0.013884000
0.013650000
0.010374000
0.013182000
0.009984000
0.001560000
0.009516000
0.009282000
0.012090000
0.009750000
0.011622000
0.011388000
0.012558000
0.013806000
0.012090000
0.010530000
0.014976000
0.011466000
0.011232000
0.010998000
0.006318000
0.009204000
0.010218000
0.009984000
0.008580000
0.008346000
0.008112000
0.009126000
0.008892000
0.004368000
0.011466000
0.007020000
0.006864000
0.006630000
0.006396000
0.006162000
0.007098000
0.006864000
0.006630000
0.006396000
0.006240000
0.006006000
0.005772000
0.012246000
0.005226000
0.004992000
0.004758000
0.004524000
0.004290000
0.004056000
0.012168000
0.003588000
0.003354000
0.003198000
0.009438000
0.009204000
0.008970000
0.014742000
0.008502000
0.008346000
0.008112000
0.007878000
0.009516000
0.009360000
0.013182000
0.012948000
0.012792000
0.011934000
0.004680000
0.012090000
0.012870000
0.012636000
0.012402000
0.012168000
0.011934000
0.008658000
0.011466000
0.011232000
0.010998000
0.010842000
0.010608000
0.008736000
0.003042000
0.008268000
0.009672000
0.014898000
0.009282000
0.009048000
0.008814000
0.008580000
0.008346000
0.005070000
0.007878000
0.013104000
0.007488000
0.007254000
0.007020000
0.006786000
0.006552000
0.006318000
0.006084000
0.005850000
0.005616000
0.005382000
0.005148000
0.011154000
0.013182000
0.004446000
0.004212000
0.003978000
0.003744000
0.003510000
0.003276000
0.003042000
0.002808000
0.002574000
0.002340000
0.002106000
0.001872000
0.001638000
0.001404000
0.001170000
0.008814000
0.000702000
0.000468000
0.000234000
0.000000000
0.007722000
0.007488000
0.000468000
0.008658000
0.000000000
0.007176000
0.007956000
0.007722000
0.007488000
0.007254000
0.000702000
0.008034000
0.009672000
0.012558000
0.012324000
0.012090000
0.008424000
0.008190000
0.007098000
0.000000000
0.006630000
0.010764000
0.007020000
0.010296000
0.006552000
0.006318000
0.006084000
0.005850000
0.005616000
0.005460000
0.005226000
0.004992000
0.004758000
0.004524000
0.004290000
0.004056000
0.000936000
0.008970000
0.003354000
0.003120000
0.009516000
0.002652000
0.002418000
0.009828000
0.008658000
0.001716000
0.001482000
0.008814000
0.001014000
0.000780000
0.000468000
0.000234000
0.000000000
0.003120000
0.002886000
0.003666000
0.008268000
0.001638000
0.002964000
0.002730000
0.010530000
0.012558000
0.012324000
0.012090000
0.011856000
0.011622000
0.011388000
0.012558000
0.012324000
0.006552000
0.006318000
0.006084000
0.011388000
0.011154000
0.009438000
0.002184000
0.008892000
0.010218000
0.009984000
0.009750000
0.009516000
0.009282000
0.009048000
0.003042000
0.008580000
0.008346000
0.008112000
0.007878000
0.007644000
0.008814000
0.010842000
0.008268000
0.008034000
0.007800000
0.009906000
0.006786000
0.000000000
0.001482000
0.001248000
0.001014000
0.000780000
0.000546000
0.005694000
0.000078000
0.007410000
0.001482000
0.001248000
0.001014000
0.000780000
0.000546000
0.003354000
0.000078000
0.001170000
0.000936000
0.000702000
0.000468000
0.000234000
0.005304000
0.005070000
0.004836000
0.004524000
0.012246000
0.013572000
0.007020000
0.013806000
0.014664000
0.014430000
0.009672000
0.000936000
0.005616000
0.002106000
0.010452000
0.001560000
0.009984000
0.013416000
0.010296000
0.010062000
0.003666000
0.009594000
0.009282000
0.006474000
0.008814000
0.010218000
0.008346000
0.008112000
0.009516000
0.007566000
0.007332000
0.007098000
0.006864000
0.006630000
0.006396000
0.006162000
0.005850000
0.005616000
0.005382000
0.005148000
0.004914000
0.011778000
0.004446000
0.004212000
0.003900000
0.003666000
0.003432000
0.006006000
0.005616000
0.005382000
0.005070000
0.004836000
0.000234000
0.004290000
0.004056000
0.006864000
0.003510000
0.006396000
0.001326000
0.008112000
0.014040000
0.014976000
0.014820000
0.007800000
0.013026000
0.007254000
0.007020000
0.006786000
0.012012000
0.011778000
0.011544000
0.011232000
0.010998000
0.010764000
0.010530000
0.005616000
0.005382000
0.005148000
0.008346000
0.000858000
0.008970000
0.009594000
0.009360000
0.009126000
0.008892000
0.012714000
0.008346000
0.008112000
0.002340000
0.007566000
0.007332000
0.011232000
0.006864000
0.006630000
0.009438000
0.000624000
0.000312000
0.009672000
0.000624000
0.000390000
0.007956000
0.002340000
0.010452000
0.011544000
0.003822000
0.001326000
0.001092000
0.000858000
0.000624000
0.002496000
0.002262000
0.008268000
0.005694000
0.001404000
0.001170000
0.004914000
0.013026000
0.012792000
0.013728000
0.013416000
0.013182000
0.012948000
0.012636000
0.012402000
0.010608000
0.010374000
0.003198000
0.009828000
0.011076000
0.009282000
0.010530000
0.010296000
0.008502000
0.008268000
0.001014000
0.004290000
0.008892000
0.008658000
0.008346000
0.008112000
0.007878000
0.007566000
0.007332000
0.007020000
0.006786000
0.006552000
0.006240000
0.006006000
0.005772000
0.005460000
0.005226000
0.010530000
0.004680000
0.004446000
0.004212000
0.003900000
0.003666000
0.003354000
0.003120000
0.002886000
0.001014000
0.002340000
0.002106000
0.007410000
0.001560000
0.000936000
0.006630000
0.001716000
0.001404000
0.009984000
0.013338000
0.013026000
0.012792000
0.009750000
0.012246000
0.012012000
0.008970000
0.010452000
0.003432000
0.010920000
0.011466000
0.011232000
0.010998000
0.010686000
0.010452000
0.010218000
0.008034000
0.000780000
0.008424000
0.009126000
0.008892000
0.008580000
0.008346000
0.013572000
0.007800000
0.007566000
0.003744000
0.007800000
0.006786000
0.008580000
0.013104000
0.005928000
0.003510000
0.011622000
0.005148000
0.005694000
0.005460000
0.005148000
0.004914000
0.004680000
0.004368000
0.004134000
0.003822000
0.008970000
0.002340000
0.003042000
0.001794000
0.001560000
0.001248000
0.008736000
0.000702000
0.000468000
0.000156000
0.009438000
0.014118000
0.013806000
0.013572000
0.013260000
0.012948000
0.009594000
0.012402000
0.012168000
0.011856000
0.012948000
0.011310000
0.010998000
0.010686000
0.007332000
0.010140000
0.009828000
0.009516000
0.009282000
0.010452000
0.010218000
0.008424000
0.002574000
0.007878000
0.012402000
0.007332000
0.007020000
0.006786000
0.011310000
0.006240000
0.005928000
0.005694000
0.005382000
0.005148000
0.004836000
0.004602000
0.004290000
0.011154000
0.003744000
0.003432000
0.003198000
0.002886000
0.000702000
0.003666000
0.000156000
0.001482000
0.001170000
0.000936000
0.000624000
0.000312000
0.001560000
0.000000000
0.007956000
0.008892000
0.009828000
0.012558000
0.009282000
0.008970000
0.007566000
0.004446000
0.009516000
0.007878000
0.003588000
0.008658000
0.013650000
0.006396000
0.002496000
0.005850000
0.012480000
0.005304000
0.005070000
0.008112000
0.013260000
0.013026000
0.009360000
0.003666000
0.006708000
0.011856000
0.006084000
0.007956000
0.002262000
0.002028000
0.001716000
0.004602000
0.001170000
0.004056000
0.003822000
0.011310000
0.013884000
0.010764000
0.009126000
0.000546000
0.006474000
0.007176000
0.006942000
0.003042000
0.008814000
0.011232000
0.003588000
0.009360000
0.011310000
0.004914000
0.007176000
0.013962000
0.010920000
0.011856000
0.007410000
0.011856000
0.005460000
0.010062000
0.002262000
0.005460000
0.012168000
0.006552000
0.011622000
0.004368000
0.011076000
0.003744000
0.010530000
0.007956000
0.004524000
0.000234000
0.002340000
0.011076000
0.009594000
0.007644000
0.013806000
0.008736000
0.006786000
0.004758000
0.011076000
0.005928000
0.011934000
0.013182000
0.006708000
0.012636000
0.009360000
0.010374000
0.008814000
0.001872000
0.005928000
0.004602000
0.008970000
0.000702000
0.008346000
0.013884000
0.007800000
0.000936000
0.009594000
0.008658000
0.008346000
0.009594000
0.002496000
0.002184000
0.009750000
0.001560000
0.007410000
0.007878000
0.008658000
0.000390000
0.008112000
0.001872000
0.006396000
0.006162000
0.005850000
0.005538000
0.008814000
0.004992000
0.008190000
0.007956000
0.004134000
0.009360000
0.000000000
0.008736000
0.006396000
0.012246000
0.012792000
0.007644000
0.009360000
0.001560000
0.001248000
0.000936000
0.009282000
0.010764000
0.013338000
0.011544000
0.009906000
0.013806000
0.007566000
0.008034000
0.000000000
0.008424000
0.010842000
0.009282000
0.010218000
0.003822000
0.005148000
0.009360000
0.010140000
0.008736000
0.002418000
0.009282000
0.013728000
0.013494000
0.013182000
0.012870000
0.012558000
0.012246000
0.011934000
0.013650000
0.013338000
0.011076000
0.007956000
0.000000000
0.008034000
0.009828000
0.009516000
0.009204000
0.008892000
0.008580000
0.008346000
0.008034000
0.007722000
0.007410000
0.007098000
0.006786000
0.006552000
0.006240000
0.005928000
0.005616000
0.005304000
0.005070000
0.004758000
0.001014000
0.004134000
0.003822000
0.003588000
0.009438000
0.002964000
0.003510000
0.003198000
0.002964000
0.002652000
0.002340000
0.002028000
0.007020000
0.001404000
0.001170000
0.009282000
0.013806000
0.013572000
0.013260000
0.012948000
0.012636000
0.007488000
0.010842000
0.011700000
0.006630000
0.011154000
0.010842000
0.010530000
0.010218000
0.009906000
0.009594000
0.009282000
0.009048000
0.008736000
0.008424000
0.008112000
0.003042000
0.007488000
0.011310000
0.006864000
0.006552000
0.006240000
0.007410000
0.012636000
0.005304000
0.004992000
0.004602000
0.004290000
0.003978000
0.011388000
0.003354000
0.003042000
0.002730000
0.002418000
0.002106000
0.010530000
0.001482000
0.009906000
0.000858000
0.000546000
0.000234000
0.009594000
0.005070000
0.012870000
0.013572000
0.013338000
0.013026000
0.012714000
0.012402000
0.006162000
0.011778000
0.011466000
0.011154000
0.010842000
0.013728000
0.010140000
0.009828000
0.007332000
0.001560000
0.008034000
0.008502000
0.008190000
0.012558000
0.007566000
0.007254000
0.010296000
0.001794000
0.006318000
0.006006000
0.008736000
0.010140000
0.005148000
0.004836000
0.004524000
0.004212000
0.003900000
0.012012000
0.013494000
0.005928000
0.002652000
0.005382000
0.005070000
0.002730000
0.002340000
0.002028000
0.010530000
0.001404000
0.001092000
0.009594000
0.012090000
0.011778000
0.013026000
0.012714000
0.007566000
0.010452000
0.003276000
0.010764000
0.011154000
0.010842000
0.010530000
0.010218000
0.009906000
0.009594000
0.009282000
0.008970000
0.008658000
0.008346000
0.008034000
0.007722000
0.009984000
0.006396000
